012999395405
12988403592
11978421235
015994188637
14983361854
18971834472
15983053237
014998373716
013981908296
012971904643
12977766373
14972869028
13978904412
14986371149
016973662359
19992190881
15992308684
011987901372
14997579713
012983421717
012978969111
14999937927
18986474572
16973009887
16991484057
18986774742
16984613279
017972963077
11975102358
016998296381
013991308353
14999143763
015999560814
16998821930
15972301505
012984942503
13977832348
14996890253
15996925686
014995078469
14983989582
016994625222
18997862735
019977656531
13998776262
18978527485
19973653989
011992896335
19981022925
17974153635
018989118325
17975767885
019995277279
11998309213
016979806631
18991329216
015987261925
19998744863
14983141176
016997743372
19999164124
011971485389
016985853135
13988604986
012991648042
19992361357
015996305802
015992478597
19996465870
15975610392
15999597061
012977942580
011972590595
014989857014
017991421778
017973941021
18971073062
019998744863
019998744863
13993592962
017975767885
019995277279
011998309213
016979806631
018991329216
015987261925
19998744863
013971644062
018998964596
013998628017
017999017919
12979857469
016973662359
019992190881
012982975072
014973776846
016974808455
11974700659
017974319783
016992523742
012972343824
013972490227
011983145884
012984776214
19973588989
012978267260
019973169046
18984995660
14983361854
18971834472
15983053237
014998373716
13981908296
012971904643
012977766373
013972641506
15981866343
13986508434
12988403592
13981908296
13981908296
